0 3 1
1 1 5
0 2 1
1 1 5
0 2 1
1 0.5 10
0 6 1
2 1 1
0 2 1
1 0.5 20
0 5 1
3 1 1
1 0.5 200
3 1 5
4 1 2
2 1 5
0 2 1
3 0.5 10
1 0.5 20
3 0.5 10
0 12 1
4 1 2
2 1 10
0 2 1
3 0.1 15
2 0.05 20
0 2 1
4 1 3
1 0.5 10
0 6 1
2 1 5
0 2 1
3 3 5
1 0.1 100
4 0.1 5
1 1 15
0 2 1
1 0.05 100
1 1 15
0 2 1
1 0.5 20
0 6 1
2 1 10
0 2 1
1 0.5 40
0 6 1
2 1 15
0 2 1
1 0.5 40
0 12 1
4 1 3
2 1 20
0 2 1
2 0.1 200
4 1 10
3 1 15
1 0.1 1000
3 0.1 20
4 0.1 40
0 2 1
1 0.5 20
0 6 1
2 0.15 1500
0 2 1
1 0.05 30
3 0.1 100
4 0.3 30
0 5 1
2 0.05 1000
1 0.05 1000
3 0.1 200
4 0.3 40
3 0.1 100
0 5 1
2 0.05 1000
4 0.3 30
2 0.05 1000
3 0.1 100
4 0.1 20
1 0.05 1000
0 3 1
4 0.1 50
2 0.05 1000
4 0.1 50
2 0.05 1000
4 0.1 50
2 0.04 4000
